
#mytestgroup = {
#	1 2 3
#}

via_magreini = { #south-north
	705 703 716 711 717 519 551 561 560 643 642 495 644 540
	544 679 678 676 675 685
}
via_caroli = { #west-east
	496 655 532 567 533 637 543 633 642 494 572 557 558 493
	503 502
}
northern_ostemer_ports_group = {
	719 726 781 346 402 400 4920
}
southern_ostemer_ports_group = {
	502 512 504 774 787 793
}
ostemeria_proper = {
	701 555 526 618 4918 511 617 512 525 701 503 616 506 502 505
}
silvestrine_magreina_riverbed_group = {
	552 651 643 560 561 642 495 644 639 653 540 654 544 679 681 677 695 522 687 675 685
}
niftlander_magreina_riverbed_group = {
	1696 764 490 1694 1692 1693 1681 1691 1680 1683 1677 1682
}
zimahei_river = {
	3242 3245 3249 3250 3121 3251 3253 3256 3252 3257 3258 3259 3263 
	3262 3265 3268 3266 3162 3161 3159 3267 3168 3119 3339 3356 3354
	3254 3255 3122 3241 3260 3340 3163 3120
}
wirosepan_holy_sites_group = {
	800 109 760 508 854 167
}
eben_riverbed_group = {
	553 699 632 493 558 557 631 572 494
}